30
30.129351 391.531281 
56.168526 257.867188 
454.059967 269.725769 
300.305206 147.954666 
39.352455 241.020645 
35.560417 230.153030 
243.590042 139.804321 
361.083923 437.213867 
101.313698 330.839386 
135.774200 421.612732 
166.026825 171.324738 
229.759674 228.790268 
199.800842 116.108177 
59.106434 229.941376 
236.517380 315.766541 
288.849518 430.073090 
48.478775 148.453064 
92.515793 186.202240 
201.417999 201.491669 
230.650482 119.247009 
385.202057 362.427826 
342.480408 279.784210 
215.534607 85.118210 
457.415405 275.403503 
473.095886 174.477234 
387.842194 52.456253 
107.924698 210.763504 
226.552277 111.883835 
184.667465 207.473053 
149.644806 403.357086 